		c	i			p			t			f			b			s			d	z			s	z			j			g			m			d			d	z	i			w			v			s	i			l			c			z	i			d	r	z			x			c	z			g	i			k	i			r	z			n	i			n			r			z			k			<	s	>			<	e	>
c	i			0			0			0			1			0			0			0			0			0			0			1			0			0			0			0			0			0			0			0			0			0			0			0			0			0			0			0			0			0			0			1			N	a	N
p			1			0			1			0			0			1			0			1			1			0			0			0			0			1			0			1			1			0			0			0			1			0			0			0			0			1			0			1			0			0			1			N	a	N
t			0			0			0			1			0			1			0			1			1			0			0			0			0			1			0			0			1			0			0			0			1			0			0			0			0			1			1			1			0			1			1			N	a	N
f			1			1			1			0			0			1			0			1			1			0			0			0			0			0			0			1			1			1			0			0			1			1			0			0			0			0			0			1			0			1			1			N	a	N
b			0			0			0			0			0			0			0			0			1			0			0			1			0			1			0			0			1			0			1			0			0			0			0			0			1			0			0			1			1			0			1			N	a	N
s			1			1			1			1			0			1			0			1			0			0			1			0			0			1			0			1			1			1			0			0			1			1			0			0			0			1			1			1			0			1			1			N	a	N
d	z			0			0			0			0			1			0			0			0			0			0			0			1			0			0			1			0			0			0			0			0			0			0			0			0			0			0			0			0			0			0			1			N	a	N
s	z			1			1			1			1			0			0			0			0			1			0			1			0			0			1			0			0			1			0			0			0			0			1			0			1			0			0			1			1			0			1			1			N	a	N
j			0			0			0			0			0			0			0			0			0			0			0			0			0			0			0			0			0			0			0			0			0			0			0			0			0			0			0			0			0			0			1			N	a	N
g			0			0			0			0			0			0			1			0			0			0			1			1			1			1			1			0			1			0			1			0			0			0			0			0			1			1			1			1			1			0			1			N	a	N
m			0			0			0			0			0			0			1			1			1			1			0			1			0			1			0			0			1			0			0			0			1			0			0			0			1			1			1			1			0			1			1			N	a	N
d			0			0			0			0			1			0			0			0			1			0			1			0			0			1			1			0			1			0			0			0			0			0			0			0			1			1			1			1			1			0			1			N	a	N
d	z	i			0			0			0			0			0			0			0			0			0			0			0			0			0			0			1			0			0			0			0			0			0			0			0			0			0			0			0			0			0			0			1			N	a	N
w			0			0			0			0			1			0			0			0			0			1			0			0			0			0			0			0			0			0			0			0			0			0			0			0			0			0			0			0			1			0			1			N	a	N
v			0			0			0			0			1			0			0			0			1			1			1			1			1			1			1			0			1			0			1			0			1			0			1			0			1			1			1			1			1			0			1			N	a	N
s	i			1			1			0			1			0			0			0			0			0			0			1			0			0			1			0			0			1			0			0			0			0			0			0			0			0			1			0			1			0			0			1			N	a	N
l			0			0			0			0			0			0			0			0			1			0			0			0			0			0			1			1			0			0			0			0			0			0			0			0			1			1			1			0			0			0			1			N	a	N
c			0			0			0			1			0			0			0			0			0			0			1			0			0			0			0			0			1			0			0			0			0			0			0			0			0			0			1			0			0			0			1			N	a	N
z	i			0			0			0			0			0			0			0			0			0			0			0			0			0			0			0			0			1			0			0			0			0			0			0			0			0			0			0			1			0			0			1			N	a	N
d	r	z			0			0			0			0			0			0			0			0			0			0			0			0			0			0			0			0			0			0			0			1			0			0			0			0			0			0			0			0			0			0			1			N	a	N
x			1			0			0			1			0			0			0			1			1			0			1			0			1			1			0			0			1			1			0			0			0			0			0			0			0			1			1			1			0			0			1			N	a	N
c	z			1			0			1			1			0			0			0			0			1			0			1			0			0			1			0			0			1			0			0			0			1			0			0			0			0			0			0			0			0			1			1			N	a	N
g	i			0			0			0			0			0			0			0			0			1			0			0			0			0			0			0			0			0			0			0			0			0			0			0			0			0			0			0			0			0			0			1			N	a	N
k	i			0			0			0			0			0			0			0			0			1			0			0			0			0			0			0			0			0			0			0			0			0			0			0			0			0			0			0			0			0			0			1			N	a	N
r	z			0			0			0			0			1			0			0			0			1			0			1			1			0			1			1			0			1			0			0			0			0			0			0			0			0			1			1			1			0			0			1			N	a	N
n	i			0			0			0			0			0			0			0			0			0			0			0			0			0			0			0			0			0			0			0			0			0			0			0			0			0			0			0			0			0			0			1			N	a	N
n			0			0			0			0			0			0			0			0			0			0			0			0			0			0			0			0			1			0			0			0			0			0			0			0			0			0			0			0			1			0			1			N	a	N
r			0			0			1			0			0			0			1			0			1			0			0			0			0			0			1			0			0			0			0			0			0			0			0			0			1			0			0			0			0			0			1			N	a	N
z			0			0			0			0			1			0			0			0			1			1			1			1			1			1			1			0			1			0			0			0			0			0			1			0			1			1			1			1			1			0			1			N	a	N
k			1			0			1			1			0			0			0			1			0			0			1			0			0			1			0			1			1			0			0			0			0			0			0			0			0			1			1			1			0			0			1			N	a	N
<	s	>			1			1			1			1			1			1			1			1			1			1			1			1			1			1			1			1			1			1			1			1			1			1			1			1			1			1			1			1			1			1			1			N	a	N
<	e	>			N	a	N			N	a	N			N	a	N			N	a	N			N	a	N			N	a	N			N	a	N			N	a	N			N	a	N			N	a	N			N	a	N			N	a	N			N	a	N			N	a	N			N	a	N			N	a	N			N	a	N			N	a	N			N	a	N			N	a	N			N	a	N			N	a	N			N	a	N			N	a	N			N	a	N			N	a	N			N	a	N			N	a	N			N	a	N			N	a	N			N	a	N			N	a	N
