		w			c	z			n			x			s			d	z			k			k	i			d	z	i			s	z			g			b			d	r	z			g	i			m			r	z			l			n	i			z	i			c	i			c			z			d			s	i			v			j			r			t			p			f			<	s	>			<	e	>
w			0			0			0			0			0			0			0			0			0			0			0			0			0			0			0			0			0			0			0			0			0			0			0			0			0			0			0			0			0			0			1			N	a	N
c	z			0			0			0			0			0			0			0			0			0			0			0			0			0			0			0			0			0			0			0			0			0			0			0			0			0			0			0			1			0			1			1			N	a	N
n			0			0			0			0			0			0			0			0			0			0			0			0			0			0			0			0			0			0			0			0			0			0			0			0			0			0			0			0			0			0			1			N	a	N
x			1			0			0			0			0			0			0			0			0			1			0			0			0			0			1			0			1			0			0			1			0			0			0			0			0			0			1			0			0			1			1			N	a	N
s			1			0			0			1			0			0			1			0			0			0			0			0			0			0			1			0			0			0			0			0			0			0			0			0			0			0			1			1			1			1			1			N	a	N
d	z			0			0			0			0			0			0			0			0			0			0			0			0			0			0			0			0			0			0			0			0			0			0			0			0			1			0			0			0			0			0			1			N	a	N
k			1			0			0			0			0			0			0			0			0			1			0			0			0			0			0			0			1			0			0			0			0			0			0			1			0			0			1			1			0			1			1			N	a	N
k	i			0			0			0			0			0			0			0			0			0			0			0			0			0			0			0			0			0			0			0			0			0			0			0			0			0			1			0			0			0			0			1			N	a	N
d	z	i			0			0			0			0			0			0			0			0			0			0			0			0			0			0			0			0			0			0			0			0			0			0			0			0			1			0			0			0			0			0			1			N	a	N
s	z			0			1			1			0			0			0			1			0			0			0			0			0			0			0			1			0			1			0			0			0			0			0			0			0			0			0			0			1			1			0			1			N	a	N
g			1			0			0			0			0			0			0			0			0			0			0			0			0			0			0			1			1			1			0			0			0			0			1			0			1			0			1			0			0			0			1			N	a	N
b			1			0			0			0			0			0			0			0			0			0			0			0			0			0			0			1			1			0			0			0			0			0			0			0			0			1			1			0			0			0			1			N	a	N
d	r	z			0			0			0			0			0			0			0			0			0			0			0			0			0			0			0			0			0			0			0			0			0			0			0			0			0			0			0			0			0			0			1			N	a	N
g	i			0			0			0			0			0			0			0			0			0			0			0			0			0			0			0			0			0			0			0			0			0			0			0			0			0			1			0			0			0			0			1			N	a	N
m			1			0			0			0			0			0			0			0			0			0			0			0			0			0			0			0			1			1			0			0			0			0			0			0			0			1			1			0			0			0			1			N	a	N
r	z			0			0			0			0			0			0			0			0			0			0			0			0			0			0			0			0			0			0			0			0			0			0			0			0			0			0			0			0			0			0			1			N	a	N
l			0			0			0			0			0			0			0			0			0			0			0			0			0			0			0			0			0			0			0			0			0			0			0			0			0			0			0			0			0			0			1			N	a	N
n	i			0			0			0			0			0			0			0			0			0			0			0			0			0			0			0			0			0			0			0			0			0			0			0			0			0			0			0			0			0			0			1			N	a	N
z	i			0			0			0			0			0			0			0			0			0			0			0			0			0			0			0			0			0			0			0			0			0			0			0			0			0			0			1			0			0			0			1			N	a	N
c	i			0			0			0			0			0			0			0			0			0			0			0			0			0			0			0			0			0			0			0			0			0			0			0			0			0			0			0			0			0			1			1			N	a	N
c			0			0			0			0			0			0			0			0			0			0			0			0			0			0			0			0			0			0			0			0			0			0			0			0			0			0			0			0			0			0			1			N	a	N
z			1			0			1			0			0			0			0			0			1			0			1			1			0			1			1			1			1			1			0			0			0			0			1			0			1			1			1			0			0			0			1			N	a	N
d			1			0			0			0			0			0			0			0			0			0			0			0			0			0			1			1			0			0			0			0			0			0			0			0			1			1			1			0			0			0			1			N	a	N
s	i			0			0			0			0			0			0			0			0			0			0			0			0			0			0			1			0			1			1			0			1			0			0			0			0			0			0			1			0			1			1			1			N	a	N
v			1			0			1			0			0			0			0			0			0			0			0			1			0			0			0			1			1			0			1			0			0			1			0			0			0			1			1			0			0			0			1			N	a	N
j			0			0			0			0			0			0			0			0			0			0			0			0			0			0			0			0			0			0			0			0			0			0			0			0			0			0			0			0			0			0			1			N	a	N
r			0			0			0			0			0			0			0			0			0			0			0			0			0			0			0			0			0			0			0			0			0			0			0			0			1			0			0			0			0			0			1			N	a	N
t			1			0			0			0			0			0			0			0			0			1			0			0			0			0			0			0			0			0			0			0			0			0			0			0			0			0			1			0			0			1			1			N	a	N
p			1			0			0			1			1			0			0			0			0			1			0			0			0			0			0			0			1			0			0			0			0			0			0			1			0			1			1			1			0			0			1			N	a	N
f			0			1			0			1			1			0			1			0			0			1			0			0			0			0			0			0			1			0			0			1			0			0			0			1			0			1			1			0			1			0			1			N	a	N
<	s	>			1			1			1			1			1			1			1			1			1			1			1			1			1			1			1			1			1			1			1			1			1			1			1			1			1			1			1			1			1			1			1			N	a	N
<	e	>			N	a	N			N	a	N			N	a	N			N	a	N			N	a	N			N	a	N			N	a	N			N	a	N			N	a	N			N	a	N			N	a	N			N	a	N			N	a	N			N	a	N			N	a	N			N	a	N			N	a	N			N	a	N			N	a	N			N	a	N			N	a	N			N	a	N			N	a	N			N	a	N			N	a	N			N	a	N			N	a	N			N	a	N			N	a	N			N	a	N			N	a	N			N	a	N
