		p			k			d			s			l			g	i			t			n	i			w			n			c	z			z			r			v			x			j			d	z			s	i			z	i			k	i			s	z			f			b			g			r	z			c			m			c	i			d	r	z			d	z	i			<	s	>			<	e	>
p			0			0			0			1			1			0			0			0			1			0			0			0			1			0			0			1			0			0			0			0			1			0			0			0			0			0			0			0			0			0			1			N	a	N
k			0			0			0			0			1			0			0			0			1			0			0			0			1			0			0			0			0			1			0			0			1			1			0			0			0			0			0			0			0			0			1			N	a	N
d			0			0			0			0			0			0			0			0			1			0			0			0			1			1			0			1			0			0			0			0			0			0			0			0			0			0			0			0			0			0			1			N	a	N
s			1			1			0			0			0			0			1			0			1			0			0			0			0			0			1			0			0			0			0			0			0			0			0			0			0			0			1			0			0			0			1			N	a	N
l			0			0			0			0			0			0			0			0			0			0			0			0			0			0			0			0			0			0			0			0			0			0			0			0			0			0			0			0			0			0			1			N	a	N
g	i			0			0			0			0			0			0			0			0			0			0			0			0			0			0			0			0			0			0			0			0			0			0			0			0			0			0			0			0			0			0			1			N	a	N
t			0			0			0			0			0			0			0			0			1			0			0			0			1			0			0			0			0			0			0			0			1			1			0			0			0			0			0			0			0			0			1			N	a	N
n	i			0			0			0			0			0			0			0			0			0			0			0			0			0			0			0			0			0			0			0			0			0			0			0			0			0			0			0			0			0			0			1			N	a	N
w			0			0			0			0			0			0			0			0			0			0			0			0			0			0			0			0			0			0			0			0			0			0			0			0			0			0			0			0			0			0			1			N	a	N
n			0			0			0			0			0			0			0			0			0			0			0			0			0			0			0			0			0			0			0			0			0			0			0			0			0			0			0			0			0			0			1			N	a	N
c	z			0			0			0			0			0			0			0			0			0			0			0			0			0			0			0			0			0			0			0			0			0			0			0			0			0			0			0			0			0			0			1			N	a	N
z			0			0			1			0			0			0			0			1			1			1			0			0			1			1			0			1			0			0			0			0			0			0			1			1			0			0			1			0			0			0			1			N	a	N
r			0			0			0			0			0			0			0			0			0			0			0			0			0			0			0			0			0			0			0			0			0			0			0			0			0			0			0			0			0			0			1			N	a	N
v			0			0			0			0			0			0			0			0			1			0			0			0			1			0			0			1			0			0			0			0			0			0			0			0			1			0			0			0			0			0			1			N	a	N
x			0			0			0			0			1			0			0			0			1			0			0			0			1			0			0			0			0			0			0			0			0			0			0			0			0			0			0			0			0			0			1			N	a	N
j			0			0			0			0			0			0			0			0			0			0			0			0			0			0			0			0			0			0			0			0			0			0			0			0			0			0			0			0			0			0			1			N	a	N
d	z			0			0			0			0			0			0			0			0			0			0			0			0			0			0			0			0			0			0			0			0			0			0			0			0			0			0			0			0			0			0			1			N	a	N
s	i			1			0			0			0			1			0			0			1			0			0			0			0			1			0			0			0			0			0			0			0			0			1			0			0			0			0			1			1			0			0			1			N	a	N
z	i			0			0			0			0			0			0			0			0			0			0			0			0			0			0			0			0			0			0			0			0			0			0			0			0			0			0			0			0			0			0			1			N	a	N
k	i			0			0			0			0			0			0			0			0			0			0			0			0			0			0			0			1			0			0			0			0			0			0			0			0			0			0			0			0			0			0			1			N	a	N
s	z			1			1			0			0			0			0			0			0			0			0			1			0			0			0			0			0			0			0			0			0			0			0			0			0			0			0			0			0			0			0			1			N	a	N
f			1			0			0			1			0			0			0			0			0			0			0			0			1			0			0			1			0			0			0			0			0			0			0			0			0			0			0			0			0			0			1			N	a	N
b			0			0			0			0			1			0			0			0			1			0			0			0			1			0			0			1			0			0			0			0			0			0			0			0			1			0			0			0			0			0			1			N	a	N
g			0			0			0			0			0			0			0			1			1			0			0			0			1			1			0			0			0			0			0			0			0			0			0			0			1			0			0			0			0			0			1			N	a	N
r	z			0			0			0			0			0			0			0			0			0			0			0			0			0			0			0			0			0			0			0			0			0			0			0			0			0			0			0			0			0			0			1			N	a	N
c			0			0			0			0			0			0			0			0			0			0			0			0			0			0			0			0			0			0			0			0			0			0			0			0			0			0			0			0			0			0			1			N	a	N
m			0			0			0			0			0			0			0			0			1			0			0			0			0			0			0			1			0			0			0			0			0			0			0			0			0			0			0			0			0			0			1			N	a	N
c	i			0			0			0			0			0			0			0			0			0			0			0			0			0			0			0			0			0			0			0			0			0			0			0			0			0			0			0			0			0			0			1			N	a	N
d	r	z			0			0			0			0			0			0			0			0			0			0			0			0			0			0			0			0			0			0			0			0			0			0			0			0			0			0			0			0			0			0			1			N	a	N
d	z	i			0			0			0			0			0			0			0			0			0			0			0			0			0			0			0			0			0			0			0			0			0			0			0			0			0			0			0			0			0			0			1			N	a	N
<	s	>			1			1			1			1			1			1			1			1			1			1			1			1			1			1			1			1			1			1			1			1			1			1			1			1			1			1			1			1			1			1			1			N	a	N
<	e	>			N	a	N			N	a	N			N	a	N			N	a	N			N	a	N			N	a	N			N	a	N			N	a	N			N	a	N			N	a	N			N	a	N			N	a	N			N	a	N			N	a	N			N	a	N			N	a	N			N	a	N			N	a	N			N	a	N			N	a	N			N	a	N			N	a	N			N	a	N			N	a	N			N	a	N			N	a	N			N	a	N			N	a	N			N	a	N			N	a	N			N	a	N			N	a	N
