		x			j			s	z			l			r			r	z			z			g	i			c	z			v			s	i			d	z	i			d			n			c			z	i			k			s			n	i			g			c	i			m			t			p			f			d	z			b			d	r	z			k	i			w			<	s	>			<	e	>
x			0			0			1			1			1			0			0			0			0			0			0			0			0			0			1			0			0			0			0			0			1			1			0			0			1			0			0			0			0			1			1			N	a	N
j			0			0			0			0			0			0			0			0			0			0			0			0			0			0			0			0			0			0			0			0			0			0			0			0			0			0			0			0			0			0			1			N	a	N
s	z			0			0			0			1			0			0			0			0			1			0			0			0			0			1			0			0			1			0			0			0			1			1			1			1			1			0			0			0			0			1			1			N	a	N
l			0			0			0			0			0			0			0			0			0			1			0			0			0			0			0			0			0			0			0			0			0			0			0			0			0			0			0			0			0			0			1			N	a	N
r			0			0			0			0			0			0			0			0			0			1			0			0			0			0			0			0			0			0			0			0			0			0			0			0			0			0			0			0			0			0			1			N	a	N
r	z			0			0			0			0			0			0			0			0			0			1			0			0			0			0			0			0			0			0			0			0			0			1			0			0			0			0			0			0			0			1			1			N	a	N
z			0			1			0			1			1			1			0			1			0			1			0			1			1			1			0			0			0			0			1			1			0			1			0			0			0			0			1			0			0			1			1			N	a	N
g	i			0			1			0			0			0			0			0			0			0			0			0			0			0			0			0			0			0			0			0			0			0			0			0			0			0			0			0			0			0			0			1			N	a	N
c	z			0			0			0			0			0			0			0			0			0			0			0			0			0			0			0			0			0			0			0			0			0			0			1			0			1			0			0			0			0			1			1			N	a	N
v			0			1			0			1			1			1			1			0			0			0			0			0			1			1			0			1			0			0			0			0			0			0			0			0			0			0			1			0			0			1			1			N	a	N
s	i			0			0			0			1			1			0			0			0			0			0			0			0			0			0			0			0			0			0			1			0			1			1			0			1			1			0			0			0			0			0			1			N	a	N
d	z	i			0			0			0			0			0			0			0			0			0			1			0			0			0			0			0			0			0			0			0			0			0			0			0			0			0			0			0			0			0			0			1			N	a	N
d			0			1			0			1			1			1			0			0			0			1			0			0			0			0			0			0			0			0			1			0			0			1			0			0			0			0			0			0			0			1			1			N	a	N
n			0			0			0			0			0			0			0			0			0			0			0			0			0			0			0			0			0			0			0			0			0			0			0			0			0			0			0			0			0			0			1			N	a	N
c			0			0			0			0			0			0			0			0			0			0			0			0			0			0			0			0			0			0			0			0			0			1			0			0			1			0			0			0			0			0			1			N	a	N
z	i			0			0			0			0			1			0			0			0			0			0			0			0			0			0			0			0			0			0			0			0			0			0			0			0			0			0			0			0			0			0			1			N	a	N
k			0			0			1			1			1			0			0			0			0			0			1			0			0			1			0			0			0			0			0			0			0			0			1			0			1			0			0			0			0			1			1			N	a	N
s			1			0			0			1			1			0			0			0			0			0			1			0			0			1			1			0			1			1			0			0			0			1			1			1			1			0			0			0			0			1			1			N	a	N
n	i			0			0			0			0			0			0			0			0			0			0			0			0			0			0			0			0			0			0			0			0			0			0			0			0			0			0			0			0			0			0			1			N	a	N
g			0			0			0			1			1			1			0			0			0			1			0			1			1			1			0			0			0			0			1			0			0			0			0			0			0			0			0			0			0			1			1			N	a	N
c	i			0			0			0			0			0			0			0			0			0			0			0			0			0			0			0			0			0			0			0			0			0			0			0			0			1			0			0			0			0			0			1			N	a	N
m			0			1			0			1			1			0			0			0			0			0			0			0			0			1			0			0			0			0			1			0			0			0			0			0			0			0			0			0			0			1			1			N	a	N
t			1			1			1			1			1			0			0			0			0			0			0			0			0			0			0			0			1			0			0			0			0			0			0			0			1			0			0			0			0			1			1			N	a	N
p			1			1			1			1			1			0			0			0			0			0			1			0			0			0			0			0			0			1			0			0			0			0			1			0			0			0			0			0			0			1			1			N	a	N
f			1			1			1			1			1			0			0			0			1			0			1			0			0			0			0			0			1			1			0			0			1			0			1			1			0			0			0			0			0			0			1			N	a	N
d	z			0			0			0			0			0			0			0			0			0			1			0			0			0			0			0			0			0			0			0			0			0			0			0			0			0			0			1			0			0			0			1			N	a	N
b			0			1			0			1			1			1			1			0			0			0			0			0			0			0			0			0			0			0			0			0			0			0			0			0			0			0			0			0			0			1			1			N	a	N
d	r	z			0			0			0			0			0			0			0			0			0			0			0			0			0			0			0			0			0			0			0			0			0			0			0			0			0			0			0			0			0			0			1			N	a	N
k	i			0			1			0			0			0			0			0			0			0			0			0			0			0			0			0			0			0			0			0			0			0			0			0			0			0			0			0			0			0			0			1			N	a	N
w			0			0			0			0			0			0			0			0			0			0			0			0			0			0			0			0			0			0			0			0			0			0			0			0			0			0			0			0			0			0			1			N	a	N
<	s	>			1			1			1			1			1			1			1			1			1			1			1			1			1			1			1			1			1			1			1			1			1			1			1			1			1			1			1			1			1			1			1			N	a	N
<	e	>			N	a	N			N	a	N			N	a	N			N	a	N			N	a	N			N	a	N			N	a	N			N	a	N			N	a	N			N	a	N			N	a	N			N	a	N			N	a	N			N	a	N			N	a	N			N	a	N			N	a	N			N	a	N			N	a	N			N	a	N			N	a	N			N	a	N			N	a	N			N	a	N			N	a	N			N	a	N			N	a	N			N	a	N			N	a	N			N	a	N			N	a	N			N	a	N
